	A	C	D	E	F	G	Genome|OGT|Genome G+C	H	I	K	L	M	N	P	Q	R	S	T	V	W	Y
0	-1.0458588867924083	-0.3458879809714082	-0.6763951996974108	-0.4440650855098376	1.0714379105074159	-1.2069052057277347		-1.52470636301514	1.1050206310059774	1.0091617513749527	0.4469328052885976	-0.2808788842238156	0.7533478155242002	-0.684502616651351	-0.12821845948297156	-1.1757333048415464	0.8456093464048186	-0.6274371009898136	-0.7918077568927011	-0.28889885954218353	1.300701515302754
1	0.8149742907390536	-0.8797784001489116	-0.7732122273027414	-1.3255175860707198	-1.045863387517916	0.7074538394530122		-1.2874847613226246	-0.8118807580127111	-0.5665451805093207	1.4518414326910951	0.4649441955875084	-0.6641355742121227	1.2815923991492577	0.3692154592441588	0.7141939885650432	1.4053304005424274	-0.7123604170880873	1.0574316381293811	0.9576689854611105	0.34956353223761505
2	-0.05985896934716638	1.0778198035019335	-0.6312139201482571	1.1685923302890489	1.1589296996820178	-0.2736551712021202		-0.6153568898604982	-0.09016968349008739	0.4551101867971907	-0.1990798837558663	0.5814790518080284	-0.39883119645398724	-0.738615323508249	-0.7303753084684452	0.2264708160730198	-0.5424988678564517	-1.0641855837809382	0.5098413318364349	0.1426053944974186	-0.13921570905974825
3	-0.7171922476439941	1.5049321388439367	-0.3407628373322658	0.8280311368905262	1.0539395526724962	-1.0393987892744188		-0.575819956245079	0.42468152890821737	0.9855850890524944	0.13588965871163428	-0.21095797049150436	-0.14868706885345992	-0.9731037198881378	-1.3325321574539188	0.1045400229500146	-1.1246087641595646	-1.1005812906801988	0.6355177955758002	-0.19300902531116085	0.12498928623612396
4	-1.0990255490075929	-0.9509637893725787	-0.6505773256693227	-1.0751049438659237	0.3540052392756929	-1.242799437824873		-1.7223910310922361	1.5876936426293875	1.0288089699770004	0.3512272217264549	0.09203265568184589	1.8903665773447802	-0.5221644960806588	-0.31148358743507243	-1.5339050096403755	1.1142754523908711	-0.8458113423853759	-1.7882425765405225	-0.09711919108013815	1.485645012009865
5	0.6264743065215805	0.9710417196664328	0.43377338351037736	-1.495798182769981	-0.6259027994798338	2.478235956245204		1.6777852598338154	-0.6877648407381196	-0.6254868363154653	-1.6705532310238098	1.537064872816287	-0.5731740732664762	1.7686067608613343	0.7881071802775321	0.6075045445824128	1.2038308210528885	0.27032366919194384	-0.7828308666256039	-0.8162929478128078	-0.8393589465938087
6	-0.6640255854288097	-0.5238514540305762	-0.8377569123729615	-0.6143456822090989	-1.1158568188575966	-0.1420429868459434		0.01723404798620884	0.5212161312328991	0.026800821272537995	1.2963198594026124	-0.024502200538673125	-0.19416781932628283	0.41578908943889736	-0.9136404364205462	0.4703324023190315	0.4985822928395015	-0.3241395434959768	0.5367720026377267	0.33438506295946396	1.0893375190660561
7	-0.9008588989328137	-0.5950368432542433	-0.9152105344572259	0.006677670458795607	0.9139526899931352	-1.0035045571772794		-1.4060955621688822	1.0590517727561288	0.9816556453320848	0.5426383888507403	0.1852605406582615	0.5183639380812806	-0.6484274787467527	-0.41620651769341577	-0.8861476711744077	1.6180244011147193	-0.9428665607834038	-1.150883367576601	-0.3368437766576949	0.6401890270630739
8	1.6849742178966205	-0.7730003163134108	1.7827573014779812	0.2871398297281675	-0.7833880199941146	1.3535500172015156		1.005657388371689	-1.6714984072848804	-1.482105567364771	-0.701534197457115	-1.259771676476179	-1.0658822033887279	0.5600896410572908	0.5262998546316738	0.8361247816880492	-0.3409992883669119	1.2408758531722217	1.3267383461423063	0.23849522872844128	-1.5262919343630759
9	1.230640922603224	-0.7018149270897441	1.5955777147743417	0.7378825856967998	-0.7658896621591941	0.83906602380919		1.4405636581413	-1.5106074034104102	-1.3799400306341196	-1.1441725214320237	-1.1432368202556595	-0.8460585761034156	0.41578908943889736	1.2069989013109044	0.6837112902842918	-0.061138761298107434	1.8474709681598955	0.9676627354584065	0.3823299800749753	-1.3677689371855526
10	1.5303075641797195	-0.5238514540305762	1.8214841125201124	0.5475689776211552	-1.2908403972067977	1.2339025768777192		1.2428789900642045	-1.5887544624351528	-1.5999888789770609	-0.9049085625266681	-1.4695344176731138	-1.1795840795707857	0.6322399168664875	1.7044328200380359	0.8132627579774854	-0.5201100256909469	1.9445261865579235	1.1112929797319664	0.5261647314215083	-1.4073996864799336
11	1.6704742191106603	-0.4882587594187426	1.789211769985003	0.02671068183517887	-1.2033486080321967	1.4851622015576913		1.2033420564487853	-1.6623046356349107	-1.5685533292137834	-0.7972397810192577	-1.4928413889172176	-1.1416834541767662	0.9929912959124709	0.23831179642123015	1.3086066050396958	-0.867137079256265	1.811075261260635	1.201061882402941	0.43027489719048667	-1.433820186009521
12	1.3176409153189805	-0.9865564839844124	1.8279385810271345	1.1685923302890489	-1.1158568188575966	0.9826429521977451		1.4405636581413	-1.3910883719608038	-1.5449766668913254	-1.0245405419793459	-1.3529995614525947	-1.0279815779947081	0.6142023479141887	1.5211676920859345	0.660849266573728	-0.6320542365184683	1.8596028704596488	0.7701711495822613	0.6699994827680423	-1.328138187891172
13	1.8831408679713986	-0.8085930109252445	1.995754762209708	0.6878000572558416	-1.133355176692517	1.8919634986585998		0.8475096539100121	-1.515204289235395	-1.5803416603750122	-1.3116572926657741	-1.4928413889172176	-1.103782828782747	0.9028034511509739	-0.15439919204755798	0.8437454562582368	-0.8447482370907602	1.3743267784695103	1.0664085283964784	0.09466047738190723	-1.6055534329518375
14	1.5254742312510665	-0.4882587594187426	1.9247556086324649	0.4874699434920037	-1.3083387550417174	1.2219378328453399		1.5196375253721384	-1.4324603443856676	-1.643212759901567	-1.1202461255414886	-1.4928413889172176	-1.2023244548071972	0.9929912959124709	0.9451915756650472	0.6684699411439157	-0.18427739320838177	2.17503233025324	0.8419862717190412	0.43027489719048667	-1.4866611850686955
15	-0.5190255975692151	0.508336689712597	-0.8377569123729615	0.4273709093628521	-0.5734077259750732	-0.8838571168534831		-0.8130415579375945	-0.09016968349008739	0.7105240286238182	1.4996942244721654	-0.21095797049150436	-0.14868706885345992	0.542052072104992	-0.8612789712913744	-0.12408021415562173	0.14036081819143145	-0.7366242216875948	0.6983560274454813	1.29328340526969	0.1778302852952984
16	-0.7220255805726472	0.8998563304427657	-0.1987645301777814	-0.34390002862791946	0.12652658742173095	-0.3454436353963977		0.8870465875254313	0.34193758405848995	0.4079568621522748	0.06411047104002672	1.0243115054460021	0.7078670650513772	-0.3778639444622663	2.908746518008983	-1.1376299319906071	0.10677755494317465	0.47656600828775286	-0.7289695250230185	-0.6724581964662738	-0.36378995506123935
17	-0.9395255623620389	1.1490051927256009	0.40150104097526734	-0.12353690348769826	0.6864740381391741	-1.266728925889633		-0.6153568898604982	1.0360673436312042	1.005232307654543	-0.7613501871834529	-0.18765099924740045	2.140510704945308	-2.1635832707398825	0.028865935904543463	-1.7777665958863873	0.9127758729013322	-0.1421610089996742	-1.7164274544037426	-1.7751912901230338	0.19104053506009172
18	-1.2536922027244937	1.469339444232103	-0.5408513610499484	1.4991370179993797	0.5289888176248934	-1.3265526460515311		-0.9711892923992714	1.275105406530417	1.873639369865077	0.781902347756096	-0.8169392228382054	0.7381875653665927	-1.478155650552514	-2.196496332085251	-0.9852164405868498	-1.3596916068973603	-1.5494616757710777	-0.8995304400978711	-1.823136207238545	0.7855017744758039
19	-0.5673589268557467	1.1134124981137672	0.31113848187695864	-0.43404857982164596	0.21401837659633194	-0.5249147958820932		1.124268189217947	0.48444104463302096	0.2822146630991656	-0.845092572800328	1.6302927577927027	0.6623863145785537	-1.1534794094111296	0.9713723082296325	-1.0766645354291042	0.7896372409910579	0.4644341059879996	-0.6212468418178493	-0.7683480306972965	-0.45626170341479433
20	-1.036192220935102	1.7184883065149381	-0.1600377191356489	0.3873048866100856	0.5464871754598131	-0.907786604918243		-0.6153568898604982	0.9303389696565523	1.2292105997178937	-0.6297550097855075	0.674706936784443	1.4582994478529603	-1.5503059263617105	-0.547110180516345	-1.892076714439205	0.25230502901895285	-0.11789720440016777	-0.8995304400978711	-1.823136207238545	0.12498928623612396
21	-1.3068588649396784	1.469339444232103	-0.4053075224024858	0.18697477284624853	0.7914641851486955	-1.1111872534686973		-0.5362830226296597	1.1693770325557649	1.449259448060834	-0.438343842661222	0.30179539687878154	1.731183950689899	-1.6404937711232068	-0.6780138433392736	-1.8234906433075142	0.4649990295912447	-0.2392162273977021	-1.1688371481107955	-2.062860792816102	0.1646200355305045
22	1.080807601814977	1.5049321388439367	-0.07612962854436266	-0.5742796594563314	-0.45091922113063265	1.2099730888129583		1.2428789900642045	-0.5682458092885132	-0.9359128902278284	-0.22300627964640143	0.20856751190236592	-0.7550970751577691	1.335705106006154	0.6833842500191888	1.102848391644624	-1.0350533954975472	0.5978850312852871	0.339280416761583	-0.09711919108013815	-0.9186204451825705
23	-0.42719227192480547	1.2913759711729351	-0.38594411688142016	0.4173544036746605	0.7039723959740938	-0.3334788913640183		0.056770981601628086	0.12588395028420107	0.427604080754323	-0.27085907142747173	0.41833025309930055	0.4804633126872614	-0.450014220271463	1.0499145059233905	-0.6956308069197112	0.8120260831565618	0.07621323239588804	-0.9982762330359437	-0.4327336108887176	-0.25810795694289046
24	-0.26285895235059853	1.2913759711729351	-0.4698522074727064	0.40733789798646886	0.4939921019550539	-0.3334788913640183		-0.061839819244629654	0.22701543843386837	0.4079568621522748	-0.10337430019372357	0.2551814543905737	0.3819216866628112	-0.2335633928438729	1.0237337733588041	-0.5965620375072691	0.5545543982532621	0.015553720897120864	-0.9982762330359437	-0.6245132793507625	-0.4034207043556199
25	-0.30152561577982373	1.1490051927256009	0.04005080458203362	0.39732139229827723	-0.43342086329571217	0.563876911064457		0.8475096539100121	0.14886837940912573	-0.4604502000582597	-0.22300627964640143	1.723520642769118	-0.3078696955083411	0.09111284829751305	-0.46856798282258744	0.9275728765303028	0.12916639710867953	-0.10576530210041347	-0.280125011668144	-0.9121827820438305	-0.6544154498866982
26	1.3321409141049405	-0.452666064806909	1.6859402738726506	1.8897807398388622	-1.238345323702037	1.006572440262504		1.2428789900642045	-1.4324603443856676	-1.584271104095422	-0.6297550097855075	-1.4695344176731138	-1.1720039544919816	0.7404653305802817	0.6572035174546024	0.8437454562582368	-0.8111649738425033	1.4471181922680307	0.7971018203835547	0.5741096485370196	-1.2752971888319977
27	-0.38852560849558027	-1.0933345678199131	-0.7990301013308295	1.1185098018480906	1.1589296996820178	-0.3334788913640183		-0.14091368647546815	0.3833095564833537	0.9698673141708561	0.9733135148803814	0.2551814543905737	-0.2169081945626946	-0.4860893581760605	-0.31148358743507243	-0.5813206883668931	-1.2029697117388303	-0.8700751469848834	-0.3788708046062167	0.622054565652531	0.24388153411926616
28	-1.1328588795081649	-0.9509637893725787	0.007778462046923607	-2.096788524061492	1.6838804347296206	-1.182975717662975		-0.6944307570913367	1.7026157882540092	0.4590396305176003	-1.2279149070488988	1.770134585257326	2.2087318306545427	-1.3879678057910185	-1.6205202156643632	-0.8785269966042193	1.5844411378664625	-0.8215475377858695	-2.021641723485057	-1.3916319531989436	2.2782599978974805
29	0.5781409772350492	0.010038965146927219	-0.9023015974431821	-0.7545767618437853	-0.6084044416449134	-0.07025452265166585		-0.45720915539882123	-0.3475952896892396	-0.008564172211148876	1.1288350881688642	-0.9567810503028283	-0.9218598268914543	1.3717802439107531	0.08122740103371513	0.9809175985216181	-1.426858133393874	-0.3847990549947439	1.4075303585461836	1.580952907962758	0.7194505256518362
30	-0.6736922512861159	-1.022149178596246	-0.9603918140063802	1.1685923302890489	0.9489494056629763	-0.45312633168781463		-0.575819956245079	0.6131538477325968	0.9345023206871692	0.5665647847412755	-0.18765099924740045	-0.17142744408987137	0.0550377103929139	-0.8612789712913744	-0.18504561071712466	-1.2253585539043341	-0.7730199285868555	-0.10058720632619489	1.0056139025766218	0.3759840317672017
31	-0.19035895842080114	-1.022149178596246	-0.8442113808799839	1.1886253416654338	0.7389691116439348	0.18100510202830722		-0.1013767528600489	0.03394623378450414	0.38438019982981697	1.1407982861141317	0.16195356941415812	-0.595914448502888	0.23541339991590646	-1.070724831808061	0.7446766868457947	-1.7179130815454304	-0.8458113423853759	0.27644218489190037	1.0056139025766218	-0.05995421047098659
32	0.7763076273098283	0.6151147735480977	-0.9926641565414902	0.10684272734071369	-2.218253362457563	-0.010430802489767707		0.8870465875254313	-0.6923617265631044	-0.48402686238071785	2.085890923790289	-0.420720711688439	-1.2023244548071972	1.335705106006154	-0.9660019015497178	1.9563639435056643	-0.9790812900837864	-0.6759647101888276	1.6588832860249128	1.580952907962758	-0.25810795694289046
33	-1.1086922148648992	-1.022149178596246	-0.7151220107395433	-0.8948078414784708	0.7914641851486955	-1.242799437824873		-1.4456324957843014	1.095826859356007	0.7537479095483246	0.7460127539202933	-0.2808788842238156	1.056552818676355	-0.684502616651351	0.1074081335983004	-0.9013890203147831	0.7896372409910579	-0.33627144579573	-0.6032930612836539	0.046715560266395895	1.4592245124802772
34	-0.11302563156235072	-1.2357053462672472	-0.7215764792465652	0.9682622165252126	0.6689756803042542	0.5399474229996982		-0.022302885629210407	-0.3429984038642548	0.08574247707868266	1.1049086922783269	0.022111741949534688	-0.4973728224784378	0.3977515204865986	-1.0183633666788894	0.7446766868457947	-1.3037195014835996	-0.5061180779922783	0.47393377076804405	1.29328340526969	0.1778302852952984
35	-0.47552560121133675	-1.0933345678199131	-0.05676622302329642	-1.7462108249747772	1.3864083515359789	-0.297584659266879		-0.14091368647546815	0.7648510799570973	-0.024281947092787522	-1.491105261844792	2.073125211430676	0.4046620618992223	-0.576277202937556	0.18595033129205848	-0.07835616673449419	1.696385348693984	-0.33627144579573	-0.7199926347559211	-0.8642378649283192	1.2082297669491995
36	-0.7510255781445663	-1.022149178596246	-0.2245824042058695	-1.3756001145116787	1.4913984985454989	-0.5967032600763708		-0.6153568898604982	0.8246105956819002	0.45118074307678113	-1.0963197296509535	1.0709254479342099	0.7609279406030045	-0.8648783061743428	0.002685203339957045	-0.6803894577793351	1.67399650652848	-0.31200764119622354	-0.7469233055572139	-0.9121827820438305	1.340332264597135
37	1.0324742725284448	-0.23910989713590788	-0.8506658493870058	-1.0550719324895403	-0.8183847356639548	0.4681589588054196		-0.8921154251684329	-0.5268738368636495	-0.39757910053170514	1.4877310265268977	-0.5605625391530624	-0.8612188262610233	1.4980432265768462	0.08122740103371513	1.1638137882061268	-0.4081658148634255	-0.9671303653829113	0.8240324911848467	1.4371181566162239	0.5873480280038995
38	-0.42719227192480547	-0.5238514540305762	-0.6505773256693227	-1.7562273306629697	-0.7833880199941146	-0.03436029055452654		-0.8525784915530137	0.5074254737579448	-0.432944094015392	1.0092031087161841	0.8611627067372742	0.5032036879236725	0.43382665839119616	-0.4947487153871733	0.6075045445824128	-0.0051666558843467434	-0.2634800319972096	0.8958476133216265	1.2453384881541785	0.9572350214181206
